Starting Dynare (version 4.4.2).
Starting preprocessing of the model file ...
Found 34 equation(s).
Evaluating expressions...done
Computing static model derivatives:
 - order 1
Computing dynamic model derivatives:
 - order 1
Processing outputs ...done
Preprocessing completed.
Starting MATLAB/Octave computing.

EIGENVALUES:
         Modulus             Real        Imaginary

       4.314e-17       -4.314e-17                0
       8.117e-17        8.117e-17                0
       2.745e-16        2.745e-16                0
       3.115e-16       -3.115e-16                0
       5.211e-16       -5.211e-16                0
          0.2047           0.2047                0
            0.66             0.66                0
           0.779            0.779                0
          0.8496            0.837           0.1458
          0.8496            0.837          -0.1458
            0.95             0.95                0
            0.95             0.95                0
          0.9544           0.9544                0
           1.019            1.019                0
           1.059            1.059                0
           1.199            1.179           0.2204
           1.199            1.179          -0.2204
           1.262            1.262                0
           1.297            1.297                0
       1.097e+19       -1.097e+19                0
       9.525e+19        9.525e+19                0
             Inf              Inf                0
             Inf              Inf                0


There are 10 eigenvalue(s) larger than 1 in modulus 
for 10 forward-looking variable(s)

The rank condition is verified.


STEADY-STATE RESULTS:

Y        		 -0.293404
Ym       		 -0.293404
K        		 1.60425
L        		 -1.22807
I        		 -2.08463
C        		 -0.794934
G        		 -1.77339
Q        		 0
varrho   		 -0.808227
Lambda   		 0
Rk       		 0.0125223
R        		 0.0100503
N        		 0.217952
Ne       		 0.209001
Nn       		 -4.5025
nu       		 -5.58873
eta      		 0.412786
phi      		 1.38629
z        		 0.0199017
x        		 0.0199017
Pm       		 -0.274412
U        		 -2.58757e-09
X        		 0.274412
D        		 3.10862e-15
F        		 0.907135
Z        		 1.18155
i        		 0.0100503
delta    		 -3.68888
In       		 0
a        		 0
ksi      		 0
g        		 0
infl     		 0
inflstar 		 0

MODEL SUMMARY

  Number of variables:         34
  Number of stochastic shocks: 5
  Number of state variables:   13
  Number of jumpers:           10
  Number of static variables:  13


MATRIX OF COVARIANCE OF EXOGENOUS SHOCKS

Variables      e_a      e_ksi      e_g      e_Ne       e_i   
e_a          0.000000  0.000000  0.000000  0.000000  0.000000
e_ksi        0.000000  0.002500  0.000000  0.000000  0.000000
e_g          0.000000  0.000000  0.000000  0.000000  0.000000
e_Ne         0.000000  0.000000  0.000000  0.000000  0.000000
e_i          0.000000  0.000000  0.000000  0.000000  0.000000

POLICY AND TRANSITION FUNCTIONS
                                Y               Ym              K               L               I               C               G               Q               varrho          Lambda          Rk              R               N               Ne              Nn              nu              eta             phi             z               x               Pm              U               X               D               F               Z               i               delta           In              a               ksi             g               infl            inflstar
Constant                   -0.293404       -0.293404        1.604246       -1.228068       -2.084634       -0.794934       -1.773387               0       -0.808227               0        0.012522        0.010050        0.217952        0.209001       -4.502504       -5.588729        0.412786        1.386294        0.019902        0.019902       -0.274412               0        0.274412               0        0.907135        1.181547        0.010050       -3.688879               0               0               0               0               0               0
K(-1)                       0.155897        0.155897        0.954515       -0.213069       -0.962270        0.522388               0       -0.915774       -0.290878       -0.290878       -0.929774        0.005422       -3.658104       -3.691752        0.084226        7.028490        3.627264        3.696846       -3.691752        0.005093        0.065181       -0.094991       -0.065181               0       -0.433806       -0.334685       -0.034033       -0.142870       -0.226247               0               0               0       -0.028120       -0.127241
Q(-1)                      -0.223958       -0.223958       -0.059411       -0.324312       -2.406839        0.292923               0       -1.367810       -0.106269       -0.106269       -2.356192        0.001967       -9.284296       -9.355475       -1.367810       14.937970        7.709188        7.857074       -9.355475       -1.498401        0.058257       -0.020207       -0.058257               0       -0.842263       -0.712899       -0.047768       -0.030393       -0.295517               0               0               0       -0.036700       -0.166064
varrho(-1)                         0               0               0               0               0               0               0               0               0       -1.000000               0               0               0               0               0               0               0               0               0               0               0               0               0               0               0               0               0               0               0               0               0               0               0               0
R(-1)                      -0.167554       -0.167554       -0.044448       -0.242634       -1.800673        0.219150               0       -1.023325       -0.079505       -0.079505       -1.014633        0.001472       -6.946030       -6.999283       -1.023325       11.175817        5.767616        5.878257       -6.999283       -1.121026        0.043585       -0.015118       -0.043585               0       -0.630138       -0.533355       -0.035738       -0.022738       -0.221091               0               0               0       -0.027457       -0.124240
N(-1)                       0.056404        0.056404        0.014963        0.081679        0.606166       -0.073773               0        0.344485        0.026764        0.026764        0.341559       -0.000495        2.338265        2.356192        0.344485       -3.762152       -1.941572       -1.978817        1.356192       -0.622625       -0.014672        0.005089        0.014672               0        0.212125        0.179545        0.012030        0.007654        0.074427               0               0               0        0.009243        0.041823
phi(-1)                     0.000553        0.000553        0.000147        0.000801        0.005942       -0.000723               0        0.003377        0.000262        0.000262        0.003348       -0.000005        0.022922        0.023098        0.003377       -0.036880       -0.019033       -0.019398        0.023098       -0.996301       -0.000144        0.000050        0.000144               0        0.002079        0.001760        0.000118        0.000075        0.000730               0               0               0        0.000091        0.000410
D(-1)                      -0.547615        0.231385       -0.021633        0.313537       -0.768161       -0.692731               0       -0.576138        0.377130        0.377130       -0.551699        0.071242       -2.176187       -2.190573       -0.576138        3.000904        1.548707        1.578416       -2.190573       -0.612157        0.298270        0.064592       -0.298270        0.779000       -0.131500       -0.335467        0.124081        0.097149       -0.107604               0               0               0        0.057865        0.261831
a(-1)                       0.904777        0.904777        0.046613       -0.114322        2.007494        0.941239               0        0.964542       -0.598908       -0.598908        0.977957       -0.027393        3.857060        3.883067        0.964542       -5.410671       -2.792339       -2.845905        3.883067        1.037162       -0.125206        0.095070        0.125206               0        0.949792        0.999825       -0.036942        0.142989        0.231856        0.950000               0               0       -0.014194       -0.064227
ksi(-1)                     0.500661        0.500661        0.707718        0.419196        2.577848        0.116895               0        1.744777       -0.194636       -0.194636        2.384685        0.053708        9.405662        9.468609        2.404777      -13.219450       -6.822294       -6.953167        9.468609        2.515442        0.209037        0.006061       -0.209037               0        0.886991        0.690518        0.109738        0.009116        0.237356               0        0.660000               0        0.055739        0.252212
g(-1)                       0.142965        0.142965        0.001611        0.204759        0.090758       -0.146017        0.950000        0.028539        0.041016        0.041016        0.032864        0.000956        0.129581        0.130489        0.028539       -0.189040       -0.097560       -0.099431        0.130489        0.031058        0.000576        0.017505       -0.000576               0        0.169771        0.157787        0.005172        0.026328        0.008012               0               0        0.950000        0.003400        0.015384
In(-1)                      0.708701        0.708701        0.146841        1.002284        6.043064       -0.493739               0       -0.501806        0.052696        0.052696       -0.465447        0.048768       -1.836101       -1.848098       -0.501806        2.815956        1.453259        1.481137       -1.848098       -0.366962        0.214933        0.112638       -0.214933               0        0.391819        0.281222        0.073931        0.169413        0.730404               0               0               0        0.031376        0.141973
infl(-1)                   -0.260461       -0.260461       -0.016666       -0.346625       -0.795278       -0.211103               0       -0.546562        0.237619        0.237619       -0.562625        0.208095       -2.218919       -2.233956       -0.546562        3.147821        1.624528        1.655691       -2.233956       -0.578265       -0.440819       -0.085522        0.440819               0       -0.590675       -0.430360        0.238176       -0.128628       -0.082900               0               0               0        0.195519        0.035204
e_a                        -0.952397       -0.952397       -0.049066        0.120339       -2.113152       -0.990778               0       -1.015308        0.630430        0.630430       -1.029428        0.028834       -4.060063       -4.087439       -1.015308        5.695443        2.939305        2.995690       -4.087439       -1.091750        0.131796       -0.100073       -0.131796               0       -0.999781       -1.052448        0.038886       -0.150514       -0.244059       -1.000000               0               0        0.014941        0.067608
e_ksi                      -0.758577       -0.758577       -1.072300       -0.635145       -3.905830       -0.177114               0       -2.643601        0.294903        0.294903       -3.613159       -0.081376      -14.251003      -14.346377       -3.643601       20.029470       10.336810       10.535102      -14.346377       -3.811275       -0.316722       -0.009183        0.316722               0       -1.343926       -1.046240       -0.166269       -0.013811       -0.359630               0       -1.000000               0       -0.084453       -0.382139
e_g                        -0.150490       -0.150490       -0.001696       -0.215536       -0.095535        0.153702       -1.000000       -0.030041       -0.043174       -0.043174       -0.034594       -0.001006       -0.136401       -0.137357       -0.030041        0.198989        0.102694        0.104664       -0.137357       -0.032693       -0.000607       -0.018426        0.000607               0       -0.178706       -0.166091       -0.005444       -0.027714       -0.008434               0               0       -1.000000       -0.003579       -0.016193
e_Ne                       -0.056404       -0.056404       -0.014963       -0.081679       -0.606166        0.073773               0       -0.344485       -0.026764       -0.026764       -0.341559        0.000495       -2.338265       -2.356192       -0.344485        3.762152        1.941572        1.978817       -1.356192        0.622625        0.014672       -0.005089       -0.014672               0       -0.212125       -0.179545       -0.012030       -0.007654       -0.074427               0               0               0       -0.009243       -0.041823
e_i                        -0.708420       -0.708420       -0.043509       -0.941714       -2.093464       -0.593333               0       -1.501842        0.658836        0.658836       -1.545918        0.743030       -6.096894       -6.138209       -1.501842        8.653452        4.465874        4.551543       -6.138209       -1.586666       -1.216632       -0.234762        1.216632               0       -1.465326       -1.109501        0.696501       -0.353092       -0.216420               0               0               0       -0.100947       -0.456772


MOMENTS OF SIMULATED VARIABLES

VARIABLE      MEAN    STD. DEV.   VARIANCE   SKEWNESS   KURTOSIS 
Y           -0.286843   0.195860   0.038361  -0.052759  -0.014673
Ym          -0.286843   0.195860   0.038361  -0.052759  -0.014673
K            1.639418   0.749118   0.561178  -0.342245   0.444171
L           -1.234426   0.173574   0.030128   0.228529  -0.129574
I           -2.102731   0.894357   0.799874   0.286635   0.007997
C           -0.779116   0.322746   0.104165  -0.358514   0.514785
G           -1.773387   0.000000   0.000000   1.009306  -1.975070
Q            0.000913   0.175040   0.030639  -0.011117   0.162230
varrho      -0.817061   0.184576   0.034068   0.356201   0.494622
Lambda       0.000103   0.018667   0.000348  -0.134540   0.062375
Rk           0.012132   0.180504   0.032582  -0.111815   0.181592
R            0.009876   0.011374   0.000129   0.287405   0.077479
N            0.302074   1.987995   3.952125  -0.282284   0.394883
Ne           0.293544   1.998840   3.995361  -0.281937   0.394298
Nn          -4.465192   0.805202   0.648349  -0.350278   0.509833
nu          -5.680059   2.337027   5.461694   0.224594   0.308944
eta          0.365652   1.206093   1.454660   0.224594   0.308944
phi          1.338257   1.229229   1.511005   0.224594   0.308944
z            0.018358   0.722064   0.521376  -0.109484   0.175481
x            0.019681   0.189047   0.035739  -0.107531   0.184587
Pm          -0.274146   0.033828   0.001144   0.271125   0.116354
U           -0.003606   0.073564   0.005412   0.359670   0.510397
X            0.274146   0.033828   0.001144  -0.271125   0.116354
D            0.000000   0.000000   0.000000  -0.382564   0.554507
F            0.907955   0.134132   0.017991   0.211170   0.088715
Z            1.183601   0.113978   0.012991   0.135110   0.013732
i            0.009394   0.022798   0.000520   0.201616  -0.098208
delta       -3.694304   0.110643   0.012242   0.359670   0.510397
In          -0.006102   0.146168   0.021365   0.237454  -0.028352
a            0.000000   0.000000   0.000000  -0.563285   1.088603
ksi          0.000791   0.068592   0.004705   0.030862   0.146760
g            0.000000   0.000000   0.000000        NaN        NaN
infl        -0.000459   0.013509   0.000183   0.188588  -0.110830
inflstar    -0.001693   0.050532   0.002553   0.172955  -0.108402


CORRELATION OF SIMULATED VARIABLES

VARIABLE       Y        Ym         K         L         I         C         G         Q      varrho    Lambda      Rk         R         N        Ne        Nn        nu        eta       phi        z         x        Pm         U         X         D         F         Z         i       delta      In         a        ksi        g       infl    inflstar 
Y             1.0000    1.0000    0.8657   -0.0234    0.3834    0.7095   -0.0685    0.4017   -0.8251   -0.4864    0.0544    0.4588    0.9290    0.9290    0.9000   -0.9176   -0.9176   -0.9176    0.0145    0.1536    0.8096   -0.7146   -0.8096    0.7688    0.7128    0.8588    0.1160   -0.7146   -0.1977    0.7074    0.6346       NaN   -0.0384   -0.0554
Ym            1.0000    1.0000    0.8657   -0.0234    0.3834    0.7095   -0.0685    0.4017   -0.8251   -0.4864    0.0544    0.4588    0.9290    0.9290    0.9000   -0.9176   -0.9176   -0.9176    0.0145    0.1536    0.8096   -0.7146   -0.8096    0.7688    0.7128    0.8588    0.1160   -0.7146   -0.1977    0.7074    0.6346       NaN   -0.0384   -0.0554
K             0.8657    0.8657    1.0000   -0.5206   -0.1300    0.9667   -0.0577    0.1151   -0.9966   -0.0979   -0.0460   -0.0405    0.9069    0.9066    0.9795   -0.8410   -0.8410   -0.8410   -0.0619    0.0036    0.4325   -0.9687   -0.4325    0.9845    0.3105    0.5377   -0.3837   -0.9687   -0.6615    0.9284    0.3521       NaN   -0.5219   -0.5283
L            -0.0234   -0.0234   -0.5206    1.0000    0.9138   -0.7207   -0.0016    0.4518    0.5833   -0.6313    0.1803    0.8628   -0.2281   -0.2274   -0.4221    0.1160    0.1160    0.1160    0.1439    0.2504    0.5159    0.7159   -0.5159   -0.6548    0.5943    0.3897    0.9633    0.7159    0.9843   -0.6475    0.3762       NaN    0.9761    0.9594
I             0.3834    0.3834   -0.1300    0.9138    1.0000   -0.3788   -0.0297    0.5572    0.2053   -0.7616    0.1588    0.9776    0.1574    0.1581   -0.0300   -0.2544   -0.2544   -0.2544    0.1089    0.2644    0.7962    0.3709   -0.7962   -0.2918    0.8279    0.6995    0.9297    0.3709    0.8295   -0.3110    0.5836       NaN    0.8798    0.8552
C             0.7095    0.7095    0.9667   -0.7207   -0.3788    1.0000   -0.0460   -0.0226   -0.9835    0.0937   -0.0667   -0.2862    0.8108    0.8103    0.9247   -0.7254   -0.7254   -0.7254   -0.0685   -0.0479    0.2038   -0.9991   -0.2038    0.9930    0.0825    0.3269   -0.5932   -0.9991   -0.8310    0.9462    0.1906       NaN   -0.7098   -0.7081
G            -0.0685   -0.0685   -0.0577   -0.0016   -0.0297   -0.0460    1.0000   -0.0319    0.0543    0.0228    0.0181   -0.0352   -0.0649   -0.0649   -0.0610    0.0652    0.0652    0.0652    0.0212    0.0098   -0.0541    0.0469    0.0541   -0.0504   -0.0527   -0.0622   -0.0124    0.0469    0.0100   -0.0506   -0.0440       NaN   -0.0027   -0.0003
Q             0.4017    0.4017    0.1151    0.4518    0.5572   -0.0226   -0.0319    1.0000   -0.0914   -0.8553    0.6857    0.7090    0.5199    0.5206    0.3115   -0.6282   -0.6282   -0.6282    0.6550    0.7539    0.7365    0.0460   -0.7365   -0.0133    0.8398    0.7756    0.6731    0.0460    0.3551    0.0784    0.9536       NaN    0.6036    0.6413
varrho       -0.8251   -0.8251   -0.9966    0.5833    0.2053   -0.9835    0.0543   -0.0914    1.0000    0.0550    0.0310    0.1101   -0.8904   -0.8900   -0.9732    0.8196    0.8196    0.8196    0.0427   -0.0093   -0.3733    0.9837    0.3733   -0.9925   -0.2517   -0.4846    0.4436    0.9837    0.7167   -0.9396   -0.3215       NaN    0.5769    0.5792
Lambda       -0.4864   -0.4864   -0.0979   -0.6313   -0.7616    0.0937    0.0228   -0.8553    0.0550    1.0000   -0.7228   -0.8524   -0.4518   -0.4524   -0.2581    0.5492    0.5492    0.5492   -0.6837   -0.8022   -0.8707   -0.1105    0.8707    0.0521   -0.8912   -0.8126   -0.7781   -0.1105   -0.5196    0.0529   -0.8924       NaN   -0.6937   -0.7183
Rk            0.0544    0.0544   -0.0460    0.1803    0.1588   -0.0667    0.0181    0.6857    0.0310   -0.7228    1.0000    0.2891    0.2242    0.2247    0.1010   -0.2931   -0.2931   -0.2931    0.9985    0.9919    0.3571    0.1019   -0.3571   -0.0983    0.3917    0.3304    0.3406    0.1019    0.1442   -0.0586    0.6376       NaN    0.3086    0.3770
R             0.4588    0.4588   -0.0405    0.8628    0.9776   -0.2862   -0.0352    0.7090    0.1101   -0.8524    0.2891    1.0000    0.2922    0.2929    0.0887   -0.3962   -0.3962   -0.3962    0.2385    0.3971    0.8733    0.2853   -0.8733   -0.2111    0.9130    0.7981    0.9338    0.2853    0.7618   -0.2195    0.7372       NaN    0.8684    0.8554
N             0.9290    0.9290    0.9069   -0.2281    0.1574    0.8108   -0.0649    0.5199   -0.8904   -0.4518    0.2242    0.2922    1.0000    1.0000    0.9711   -0.9905   -0.9905   -0.9905    0.1958    0.3002    0.7017   -0.8044   -0.7017    0.8354    0.6417    0.8076   -0.0220   -0.8044   -0.3923    0.8266    0.7056       NaN   -0.1712   -0.1640
Ne            0.9290    0.9290    0.9066   -0.2274    0.1581    0.8103   -0.0649    0.5206   -0.8900   -0.4524    0.2247    0.2929    1.0000    1.0000    0.9709   -0.9906   -0.9906   -0.9906    0.1962    0.3006    0.7022   -0.8039   -0.7022    0.8349    0.6423    0.8080   -0.0212   -0.8039   -0.3916    0.8262    0.7062       NaN   -0.1704   -0.1631
Nn            0.9000    0.9000    0.9795   -0.4221   -0.0300    0.9247   -0.0610    0.3115   -0.9732   -0.2581    0.1010    0.0887    0.9711    0.9709    1.0000   -0.9292   -0.9292   -0.9292    0.0806    0.1600    0.5494   -0.9214   -0.5494    0.9413    0.4550    0.6606   -0.2442   -0.9214   -0.5748    0.9084    0.5260       NaN   -0.3894   -0.3865
nu           -0.9176   -0.9176   -0.8410    0.1160   -0.2544   -0.7254    0.0652   -0.6282    0.8196    0.5492   -0.2931   -0.3962   -0.9905   -0.9906   -0.9292    1.0000    1.0000    1.0000   -0.2610   -0.3759   -0.7665    0.7171    0.7665   -0.7530   -0.7290   -0.8679   -0.1024    0.7171    0.2819   -0.7599   -0.7909       NaN    0.0448    0.0345
eta          -0.9176   -0.9176   -0.8410    0.1160   -0.2544   -0.7254    0.0652   -0.6282    0.8196    0.5492   -0.2931   -0.3962   -0.9905   -0.9906   -0.9292    1.0000    1.0000    1.0000   -0.2610   -0.3759   -0.7665    0.7171    0.7665   -0.7530   -0.7290   -0.8679   -0.1024    0.7171    0.2819   -0.7599   -0.7909       NaN    0.0448    0.0345
phi          -0.9176   -0.9176   -0.8410    0.1160   -0.2544   -0.7254    0.0652   -0.6282    0.8196    0.5492   -0.2931   -0.3962   -0.9905   -0.9906   -0.9292    1.0000    1.0000    1.0000   -0.2610   -0.3759   -0.7665    0.7171    0.7665   -0.7530   -0.7290   -0.8679   -0.1024    0.7171    0.2819   -0.7599   -0.7909       NaN    0.0448    0.0345
z             0.0145    0.0145   -0.0619    0.1439    0.1089   -0.0685    0.0212    0.6550    0.0427   -0.6837    0.9985    0.2385    0.1958    0.1962    0.0806   -0.2610   -0.2610   -0.2610    1.0000    0.9834    0.3062    0.1044   -0.3062   -0.1051    0.3415    0.2817    0.3005    0.1044    0.1154   -0.0632    0.6003       NaN    0.2742    0.3443
x             0.1536    0.1536    0.0036    0.2504    0.2644   -0.0479    0.0098    0.7539   -0.0093   -0.8022    0.9919    0.3971    0.3002    0.3006    0.1600   -0.3759   -0.3759   -0.3759    0.9834    1.0000    0.4713    0.0814   -0.4713   -0.0680    0.5050    0.4442    0.4210    0.0814    0.1962   -0.0310    0.7217       NaN    0.3753    0.4391
Pm            0.8096    0.8096    0.4325    0.5159    0.7962    0.2038   -0.0541    0.7365   -0.3733   -0.8707    0.3571    0.8733    0.7017    0.7022    0.5494   -0.7665   -0.7665   -0.7665    0.3062    0.4713    1.0000   -0.2007   -1.0000    0.2721    0.9724    0.9738    0.6587   -0.2007    0.3580    0.2333    0.8740       NaN    0.5324    0.5269
U            -0.7146   -0.7146   -0.9687    0.7159    0.3709   -0.9991    0.0469    0.0460    0.9837   -0.1105    0.1019    0.2853   -0.8044   -0.8039   -0.9214    0.7171    0.7171    0.7171    0.1044    0.0814   -0.2007    1.0000    0.2007   -0.9954   -0.0776   -0.3233    0.5959    1.0000    0.8262   -0.9470   -0.1703       NaN    0.7123    0.7136
X            -0.8096   -0.8096   -0.4325   -0.5159   -0.7962   -0.2038    0.0541   -0.7365    0.3733    0.8707   -0.3571   -0.8733   -0.7017   -0.7022   -0.5494    0.7665    0.7665    0.7665   -0.3062   -0.4713   -1.0000    0.2007    1.0000   -0.2721   -0.9724   -0.9738   -0.6587    0.2007   -0.3580   -0.2333   -0.8740       NaN   -0.5324   -0.5269
D             0.7688    0.7688    0.9845   -0.6548   -0.2918    0.9930   -0.0504   -0.0133   -0.9925    0.0521   -0.0983   -0.2111    0.8354    0.8349    0.9413   -0.7530   -0.7530   -0.7530   -0.1051   -0.0680    0.2721   -0.9954   -0.2721    1.0000    0.1471    0.3891   -0.5353   -0.9954   -0.7751    0.9530    0.2124       NaN   -0.6590   -0.6634
F             0.7128    0.7128    0.3105    0.5943    0.8279    0.0825   -0.0527    0.8398   -0.2517   -0.8912    0.3917    0.9130    0.6417    0.6423    0.4550   -0.7290   -0.7290   -0.7290    0.3415    0.5050    0.9724   -0.0776   -0.9724    0.1471    1.0000    0.9683    0.7513   -0.0776    0.4507    0.1612    0.9132       NaN    0.6424    0.6420
Z             0.8588    0.8588    0.5377    0.3897    0.6995    0.3269   -0.0622    0.7756   -0.4846   -0.8126    0.3304    0.7981    0.8076    0.8080    0.6606   -0.8679   -0.8679   -0.8679    0.2817    0.4442    0.9738   -0.3233   -0.9738    0.3891    0.9683    1.0000    0.5651   -0.3233    0.2256    0.3895    0.9010       NaN    0.4326    0.4304
i             0.1160    0.1160   -0.3837    0.9633    0.9297   -0.5932   -0.0124    0.6731    0.4436   -0.7781    0.3406    0.9338   -0.0220   -0.0212   -0.2442   -0.1024   -0.1024   -0.1024    0.3005    0.4210    0.6587    0.5959   -0.6587   -0.5353    0.7513    0.5651    1.0000    0.5959    0.9188   -0.5068    0.6023       NaN    0.9876    0.9838
delta        -0.7146   -0.7146   -0.9687    0.7159    0.3709   -0.9991    0.0469    0.0460    0.9837   -0.1105    0.1019    0.2853   -0.8044   -0.8039   -0.9214    0.7171    0.7171    0.7171    0.1044    0.0814   -0.2007    1.0000    0.2007   -0.9954   -0.0776   -0.3233    0.5959    1.0000    0.8262   -0.9470   -0.1703       NaN    0.7123    0.7136
In           -0.1977   -0.1977   -0.6615    0.9843    0.8295   -0.8310    0.0100    0.3551    0.7167   -0.5196    0.1442    0.7618   -0.3923   -0.3916   -0.5748    0.2819    0.2819    0.2819    0.1154    0.1962    0.3580    0.8262   -0.3580   -0.7751    0.4507    0.2256    0.9188    0.8262    1.0000   -0.7581    0.2418       NaN    0.9590    0.9438
a             0.7074    0.7074    0.9284   -0.6475   -0.3110    0.9462   -0.0506    0.0784   -0.9396    0.0529   -0.0586   -0.2195    0.8266    0.8262    0.9084   -0.7599   -0.7599   -0.7599   -0.0632   -0.0310    0.2333   -0.9470   -0.2333    0.9530    0.1612    0.3895   -0.5068   -0.9470   -0.7581    1.0000    0.2461       NaN   -0.6189   -0.6161
ksi           0.6346    0.6346    0.3521    0.3762    0.5836    0.1906   -0.0440    0.9536   -0.3215   -0.8924    0.6376    0.7372    0.7056    0.7062    0.5260   -0.7909   -0.7909   -0.7909    0.6003    0.7217    0.8740   -0.1703   -0.8740    0.2124    0.9132    0.9010    0.6023   -0.1703    0.2418    0.2461    1.0000       NaN    0.4952    0.5241
g                NaN       NaN       NaN       NaN       NaN       NaN       NaN       NaN       NaN       NaN       NaN       NaN       NaN       NaN       NaN       NaN       NaN       NaN       NaN       NaN       NaN       NaN       NaN       NaN       NaN       NaN       NaN       NaN       NaN       NaN       NaN       NaN       NaN       NaN
infl         -0.0384   -0.0384   -0.5219    0.9761    0.8798   -0.7098   -0.0027    0.6036    0.5769   -0.6937    0.3086    0.8684   -0.1712   -0.1704   -0.3894    0.0448    0.0448    0.0448    0.2742    0.3753    0.5324    0.7123   -0.5324   -0.6590    0.6424    0.4326    0.9876    0.7123    0.9590   -0.6189    0.4952       NaN    1.0000    0.9968
inflstar     -0.0554   -0.0554   -0.5283    0.9594    0.8552   -0.7081   -0.0003    0.6413    0.5792   -0.7183    0.3770    0.8554   -0.1640   -0.1631   -0.3865    0.0345    0.0345    0.0345    0.3443    0.4391    0.5269    0.7136   -0.5269   -0.6634    0.6420    0.4304    0.9838    0.7136    0.9438   -0.6161    0.5241       NaN    0.9968    1.0000


AUTOCORRELATION OF SIMULATED VARIABLES

VARIABLE       1         2         3         4         5    
Y             0.9725    0.9165    0.8455    0.7707    0.6988
Ym            0.9725    0.9165    0.8455    0.7707    0.6988
K             0.9937    0.9791    0.9583    0.9331    0.9051
L             0.9708    0.9111    0.8339    0.7507    0.6688
I             0.9559    0.8589    0.7354    0.6058    0.4825
C             0.9964    0.9877    0.9737    0.9547    0.9314
G           161.0508  160.9292  160.8667  160.8265  160.6747
Q             0.6579    0.3789    0.1615    0.0247   -0.0314
varrho        0.9944    0.9836    0.9675    0.9470    0.9228
Lambda        0.5559    0.5177    0.4311    0.3491    0.2950
Rk           -0.0021   -0.0318   -0.0785   -0.0903   -0.0348
R             0.9207    0.7922    0.6535    0.5247    0.4136
N             0.9341    0.8703    0.8127    0.7674    0.7360
Ne            0.9339    0.8700    0.8122    0.7669    0.7354
Nn            0.9741    0.9475    0.9206    0.8954    0.8724
nu            0.9040    0.8118    0.7301    0.6687    0.6297
eta           0.9040    0.8118    0.7301    0.6687    0.6297
phi           0.9040    0.8118    0.7301    0.6687    0.6297
z            -0.0116   -0.0462   -0.0941   -0.1053   -0.0475
x             0.0443    0.0176   -0.0292   -0.0455    0.0006
Pm            0.8844    0.7738    0.6583    0.5495    0.4549
U             0.9959    0.9860    0.9706    0.9504    0.9264
X             0.8844    0.7738    0.6583    0.5495    0.4549
D             0.9954    0.9841    0.9667    0.9447    0.9194
F             0.8629    0.7048    0.5442    0.4037    0.2934
Z             0.8867    0.7506    0.6104    0.4863    0.3878
i             0.9189    0.8060    0.6878    0.5804    0.4901
delta         0.9959    0.9860    0.9706    0.9504    0.9264
In            0.9815    0.9392    0.8827    0.8200    0.7563
a             0.9969    0.9905    0.9815    0.9707    0.9589
ksi           0.6929    0.4594    0.2865    0.1840    0.1477
g                NaN       NaN       NaN       NaN       NaN
infl          0.9362    0.8391    0.7362    0.6418    0.5615
inflstar      0.9129    0.8116    0.7082    0.6157    0.5393
Total computing time : 0h00m06s
