function [ output_args ] = GetParameters()
%UNTITLED2 Summary of this function goes here
%   Detailed explanation goes here
betta=0.99000000;
sig=1.00000000;
varphi=0.27600000;
zetta=7.20000000;
theta=0.97155955;
alfa=0.33000000;
G_over_Y=0.20000000;
eta_i=1.72800000;
epsilon=4.16700000;
gam=0.77900000;
gam_P=0.24100000;
kappa_pi=1.50000000;
kappa_y=-0.12500000;
rho_i=0.00000000;
rho_ksi=0.66000000;
sigma_ksi=0.05000000;
rho_a=0.95000000;
sigma_a=0.01000000;
rho_g=0.95000000;
sigma_g=0.01000000;
sigma_Ne=0.01000000;
sigma_i=0.01000000;
rho_shock_psi=0.66000000;
sigma_psi=0.07200000;
kappa=10.00000000;
tau=0.00100000;
omega=0.00222778;
lambda=0.38149499;
chi=3.41080850;
b=0.03760101;
delta_c=0.02041451;
G_ss       =   0.16975710;
I_ss       =   0.14153927;

gammaEZ = 2;
psiEZ = 0.5;
thetaEZ = (1-gammaEZ)/(1-1/psiEZ);
nuEZ = 0.8;


end

